3_toy_15_A 0.376984 23 22 0.140625
3_toy_15_A 0.376984 23 22 0.125
3_toy_15_A 0.376984 23 22 0.125
3_toy_15_A 0.376984 23 22 0.125
3_toy_15_A 0.376984 23 22 0.109375
3_toy_15_A 0.376984 23 22 0.125
3_toy_15_A 0.376984 23 22 0.125
3_toy_15_A 0.376984 23 22 0.140625
3_toy_15_A 0.376984 23 22 0.125
3_toy_15_A 0.376984 23 22 0.125
3_toy_15_B 0.415242 23 22 0.140625
3_toy_15_B 0.415242 23 22 0.125
3_toy_15_B 0.415242 23 22 0.125
3_toy_15_B 0.415242 23 22 0.125
3_toy_15_B 0.415242 23 22 0.125
3_toy_15_B 0.415242 23 22 0.125
3_toy_15_B 0.415242 23 22 0.125
3_toy_15_B 0.415242 23 22 0.125
3_toy_15_B 0.415242 23 22 0.125
3_toy_15_B 0.415242 23 22 0.125
3_toy_15_C 0.336329 27 26 0.140625
3_toy_15_C 0.336329 27 26 0.125
3_toy_15_C 0.336329 27 26 0.125
3_toy_15_C 0.336329 27 26 0.125
3_toy_15_C 0.336329 27 26 0.125
3_toy_15_C 0.336329 27 26 0.125
3_toy_15_C 0.336329 27 26 0.125
3_toy_15_C 0.336329 27 26 0.125
3_toy_15_C 0.336329 27 26 0.140625
3_toy_15_C 0.336329 27 26 0.125
5_toy_15_A 0.409091 20 28 0.1875
5_toy_15_A 0.409091 20 28 0.1875
5_toy_15_A 0.409091 20 28 0.203125
5_toy_15_A 0.409091 20 28 0.1875
5_toy_15_A 0.409091 20 28 0.1875
5_toy_15_A 0.409091 20 28 0.1875
5_toy_15_A 0.409091 20 28 0.1875
5_toy_15_A 0.409091 20 28 0.1875
5_toy_15_A 0.409091 20 28 0.1875
5_toy_15_A 0.409091 20 28 0.1875
5_toy_15_B 0.444664 21 20 0.203125
5_toy_15_B 0.444664 21 20 0.203125
5_toy_15_B 0.444664 21 20 0.203125
5_toy_15_B 0.444664 21 20 0.21875
5_toy_15_B 0.444664 21 20 0.203125
5_toy_15_B 0.444664 21 20 0.203125
5_toy_15_B 0.444664 21 20 0.21875
5_toy_15_B 0.444664 21 20 0.203125
5_toy_15_B 0.444664 21 20 0.203125
5_toy_15_B 0.444664 21 20 0.203125
5_toy_15_C 0.454696 26 25 0.203125
5_toy_15_C 0.454696 26 25 0.203125
5_toy_15_C 0.454696 26 25 0.21875
5_toy_15_C 0.454696 26 25 0.203125
5_toy_15_C 0.454696 26 25 0.203125
5_toy_15_C 0.454696 26 25 0.203125
5_toy_15_C 0.454696 26 25 0.21875
5_toy_15_C 0.454696 26 25 0.21875
5_toy_15_C 0.454696 26 25 0.203125
5_toy_15_C 0.454696 26 25 0.203125
3_toy_10_A 0.465192 26 65 0.078125
3_toy_10_A 0.465192 26 65 0.078125
3_toy_10_A 0.465192 26 65 0.09375
3_toy_10_A 0.465192 26 65 0.09375
3_toy_10_A 0.465192 26 65 0.09375
3_toy_10_A 0.465192 26 65 0.09375
3_toy_10_A 0.465192 26 65 0.09375
3_toy_10_A 0.465192 26 65 0.078125
3_toy_10_A 0.465192 26 65 0.078125
3_toy_10_A 0.465192 26 65 0.078125
3_toy_10_B 0.528725 10 98 0.078125
3_toy_10_B 0.528725 10 98 0.078125
3_toy_10_B 0.528725 10 98 0.078125
3_toy_10_B 0.528725 10 98 0.078125
3_toy_10_B 0.528725 10 98 0.078125
3_toy_10_B 0.528725 10 98 0.078125
3_toy_10_B 0.528725 10 98 0.09375
3_toy_10_B 0.528725 10 98 0.078125
3_toy_10_B 0.528725 10 98 0.078125
3_toy_10_B 0.528725 10 98 0.09375
3_toy_10_C 0.4421 20 190 0.078125
3_toy_10_C 0.4421 20 190 0.078125
3_toy_10_C 0.4421 20 190 0.078125
3_toy_10_C 0.4421 20 190 0.078125
3_toy_10_C 0.4421 20 190 0.078125
3_toy_10_C 0.4421 20 190 0.078125
3_toy_10_C 0.4421 20 190 0.078125
3_toy_10_C 0.4421 20 190 0.078125
3_toy_10_C 0.4421 20 190 0.09375
3_toy_10_C 0.4421 20 190 0.09375
5_toy_10_A 0.416909 40 96 0.125
5_toy_10_A 0.416909 40 96 0.140625
5_toy_10_A 0.416909 40 96 0.125
5_toy_10_A 0.416909 40 96 0.125
5_toy_10_A 0.416909 40 96 0.109375
5_toy_10_A 0.416909 40 96 0.125
5_toy_10_A 0.416909 40 96 0.125
5_toy_10_A 0.416909 40 96 0.125
5_toy_10_A 0.416909 40 96 0.125
5_toy_10_A 0.416909 40 96 0.125
5_toy_10_B 0.465606 11 143 0.125
5_toy_10_B 0.465606 11 143 0.125
5_toy_10_B 0.471667 12 133 0.125
5_toy_10_B 0.471667 12 133 0.125
5_toy_10_B 0.471667 12 133 0.125
5_toy_10_B 0.465606 11 143 0.109375
5_toy_10_B 0.471667 12 133 0.109375
5_toy_10_B 0.471667 12 133 0.125
5_toy_10_B 0.471667 12 133 0.125
5_toy_10_B 0.471667 12 133 0.125
5_toy_10_C 0.401863 28 183 0.125
5_toy_10_C 0.401863 28 183 0.125
5_toy_10_C 0.401863 28 183 0.125
5_toy_10_C 0.401863 28 183 0.125
5_toy_10_C 0.401863 28 183 0.125
5_toy_10_C 0.401863 28 183 0.125
5_toy_10_C 0.401863 28 183 0.125
5_toy_10_C 0.401863 28 183 0.125
5_toy_10_C 0.401863 28 183 0.125
5_toy_10_C 0.401863 28 183 0.140625
3_toy_5_A 0.55 7 60 0.046875
3_toy_5_A 0.55 7 60 0.046875
3_toy_5_A 0.55 7 60 0.0625
3_toy_5_A 0.55 7 60 0.046875
3_toy_5_A 0.55 7 60 0.046875
3_toy_5_A 0.55 7 60 0.046875
3_toy_5_A 0.55 7 60 0.046875
3_toy_5_A 0.55 7 60 0.046875
3_toy_5_A 0.55 7 60 0.046875
3_toy_5_A 0.55 7 60 0.046875
3_toy_5_C 0.875 7 60 0.03125
3_toy_5_C 0.875 7 60 0.046875
3_toy_5_C 0.875 7 60 0.046875
3_toy_5_C 0.875 7 60 0.046875
3_toy_5_C 0.875 7 60 0.03125
3_toy_5_C 0.875 7 60 0.03125
3_toy_5_C 0.875 7 60 0.03125
3_toy_5_C 0.875 7 60 0.046875
3_toy_5_C 0.875 7 60 0.046875
3_toy_5_C 0.875 7 60 0.046875
5_toy_5_A 0.55 7 60 0.078125
5_toy_5_A 0.55 7 60 0.0625
5_toy_5_A 0.55 7 60 0.0625
5_toy_5_A 0.55 7 60 0.0625
5_toy_5_A 0.55 7 60 0.078125
5_toy_5_A 0.55 7 60 0.0625
5_toy_5_A 0.55 7 60 0.0625
5_toy_5_A 0.55 7 60 0.0625
5_toy_5_A 0.55 7 60 0.078125
5_toy_5_A 0.55 7 60 0.0625
5_toy_5_B 0.53125 10 54 0.0625
5_toy_5_B 0.53125 10 54 0.078125
5_toy_5_B 0.53125 10 54 0.046875
5_toy_5_B 0.53125 10 54 0.0625
5_toy_5_B 0.53125 10 54 0.0625
5_toy_5_B 0.53125 10 54 0.078125
5_toy_5_B 0.53125 10 54 0.078125
5_toy_5_B 0.53125 10 54 0.0625
5_toy_5_B 0.53125 10 54 0.0625
5_toy_5_B 0.53125 10 54 0.0625
5_toy_5_C 0.669643 11 60 0.0625
5_toy_5_C 0.669643 11 60 0.0625
5_toy_5_C 0.669643 11 60 0.0625
5_toy_5_C 0.669643 11 60 0.03125
5_toy_5_C 0.669643 11 60 0.046875
5_toy_5_C 0.669643 11 60 0.046875
5_toy_5_C 0.669643 11 60 0.046875
5_toy_5_C 0.669643 11 60 0.0625
5_toy_5_C 0.669643 11 60 0.0625
5_toy_5_C 0.669643 11 60 0.046875
gpu 0.454963 16 15 0.078125
gpu 0.454963 16 15 0.078125
gpu 0.454963 16 15 0.078125
gpu 0.454963 16 15 0.09375
gpu 0.454963 16 15 0.078125
gpu 0.454963 16 15 0.078125
gpu 0.454963 16 15 0.078125
gpu 0.454963 16 15 0.078125
gpu 0.454963 16 15 0.078125
gpu 0.454963 16 15 0.078125
CyberShake_30_gpu 0.483333 934 179.3 28.6094
CyberShake_30_gpu 0.483333 934 179.3 29.3125
CyberShake_30_gpu 0.483333 934 179.3 28.625
CyberShake_30_gpu 0.483333 934 179.3 29.4219
CyberShake_30_gpu 0.483333 934 179.3 28.3281
CyberShake_30_gpu 0.483333 934 179.3 28.3906
CyberShake_30_gpu 0.483333 934 179.3 28.4688
CyberShake_30_gpu 0.483333 934 179.3 29.125
CyberShake_30_gpu 0.483333 934 179.3 28.5469
CyberShake_30_gpu 0.483333 934 179.3 29.3281
CyberShake_50_gpu 0.2352 567 400.28 461.234
CyberShake_50_gpu 0.2351 566 400.68 447.297
CyberShake_50_gpu 0.2351 566 400.68 449.734
CyberShake_50_gpu 0.235229 567 400.38 449.078
CyberShake_50_gpu 0.235229 567 400.38 446.344
CyberShake_50_gpu 0.235229 567 400.38 459.359
CyberShake_50_gpu 0.235301 568 399.88 449.391
CyberShake_50_gpu 0.2351 566 400.68 451.359
CyberShake_50_gpu 0.235014 566 400.38 450.719
CyberShake_50_gpu 0.2351 566 400.68 446.922
CyberShake_100_gpu 0.19542 964 972.5 1800.06
CyberShake_100_gpu 0.206679 1033 1012.82 1800.02
CyberShake_100_gpu 0.195456 964 972.89 1800.06
CyberShake_100_gpu 0.206679 1033 1012.82 1800.02
CyberShake_100_gpu 0.195456 964 972.89 1800.09
CyberShake_100_gpu 0.220591 965 1240.82 1800.09
CyberShake_100_gpu 0.212692 944 1180.67 1800.06
CyberShake_100_gpu 0.206679 1033 1012.82 1800.12
CyberShake_100_gpu 0.206679 1033 1012.82 1800
CyberShake_100_gpu 0.206716 1033 1013.21 1800.06
Epigenomics_24_gpu 0.419396 2740 4304.11 27.0156
Epigenomics_24_gpu 0.419396 2740 4304.11 27.5781
Epigenomics_24_gpu 0.419396 2740 4304.11 27.7344
Epigenomics_24_gpu 0.419396 2740 4304.11 26.6875
Epigenomics_24_gpu 0.419396 2740 4304.11 26.7344
Epigenomics_24_gpu 0.419396 2740 4304.11 27.1406
Epigenomics_24_gpu 0.419655 2745 4301.94 25.875
Epigenomics_24_gpu 0.419497 2743 4301.74 27.6094
Epigenomics_24_gpu 0.419419 2742 4301.64 27.2031
Epigenomics_24_gpu 0.419419 2742 4301.64 28.0625
Epigenomics_46_gpu 0.438014 11295 1163.7 288.906
Epigenomics_46_gpu 0.438014 11295 1163.7 277.141
Epigenomics_46_gpu 0.438014 11295 1163.7 283.766
Epigenomics_46_gpu 0.438014 11295 1163.7 281.438
Epigenomics_46_gpu 0.438014 11295 1163.7 279.844
Epigenomics_46_gpu 0.438014 11295 1163.7 277.109
Epigenomics_46_gpu 0.438014 11295 1163.7 279.609
Epigenomics_46_gpu 0.438014 11295 1163.7 282.797
Epigenomics_46_gpu 0.438014 11295 1163.7 282.547
Epigenomics_46_gpu 0.438014 11295 1163.7 280.047
Epigenomics_100_gpu 0.479661 48519 99647.8 1800.06
Epigenomics_100_gpu 0.47971 48546 99617.3 1800.05
Epigenomics_100_gpu 0.480226 47566 101629 1800.05
Epigenomics_100_gpu 0.479765 48546 99639.1 1800.02
Epigenomics_100_gpu 0.479399 48498 99583.4 1800
Epigenomics_100_gpu 0.480522 47573 101733 1800
Epigenomics_100_gpu 0.480305 47573 101647 1800.05
Epigenomics_100_gpu 0.47968 48544 99609.4 1800.06
Epigenomics_100_gpu 0.479875 48572 99634.3 1800.02
Epigenomics_100_gpu 0.480309 47574 101647 1800.05
Montage_25_gpu 0.368002 89 216.64 19.5938
Montage_25_gpu 0.361106 100 195.69 20.1094
Montage_25_gpu 0.367481 113 184.12 19.7656
Montage_25_gpu 0.365766 106 191.91 20.0156
Montage_25_gpu 0.35866 96 198.81 20.0312
Montage_25_gpu 0.373868 109 195.26 19.6094
Montage_25_gpu 0.36024 97 198.91 19.6875
Montage_25_gpu 0.366268 92 211.06 20.3906
Montage_25_gpu 0.363825 96 203.5 20.2344
Montage_25_gpu 0.364123 98 201.1 20.3125
Montage_50_gpu 0.359394 270 53.7 364.516
Montage_50_gpu 0.357694 269 53.4 373.031
Montage_50_gpu 0.357081 268 53.4 368.578
Montage_50_gpu 0.358195 271 53.2 368.906
Montage_50_gpu 0.358669 270 53.5 370.562
Montage_50_gpu 0.359282 271 53.5 366.703
Montage_50_gpu 0.358419 269 53.6 368.219
Montage_50_gpu 0.358056 269 53.5 356.5
Montage_50_gpu 0.358419 269 53.6 366.969
Montage_50_gpu 0.360257 272 53.6 367.547
Montage_100_gpu 0.437804 382 898.41 1800.02
Montage_100_gpu 0.438539 364 932.73 1800
Montage_100_gpu 0.442515 391 899.45 1800.02
Montage_100_gpu 0.446632 385 924.77 1800.02
Montage_100_gpu 0.444162 377 930 1800.08
Montage_100_gpu 0.443709 356 965.34 1800.03
Montage_100_gpu 0.449144 389 926.73 1800.08
Montage_100_gpu 0.434978 356 934.05 1800.06
Montage_100_gpu 0.443558 384 915.51 1800
Montage_100_gpu 0.444664 337 1002.21 1800.02
Inspiral_30_gpu 0.430433 1605 160.4 39.4688
Inspiral_30_gpu 0.430433 1605 160.4 39.25
Inspiral_30_gpu 0.430433 1605 160.4 39.2812
Inspiral_30_gpu 0.430433 1605 160.4 39.4844
Inspiral_30_gpu 0.430433 1605 160.4 39.4531
Inspiral_30_gpu 0.430433 1605 160.4 39.4062
Inspiral_30_gpu 0.430433 1605 160.4 39.2969
Inspiral_30_gpu 0.430433 1605 160.4 39.625
Inspiral_30_gpu 0.430433 1605 160.4 39.5312
Inspiral_30_gpu 0.430433 1605 160.4 39.3906
Inspiral_50_gpu 0.430653 1471 760.95 690.516
Inspiral_50_gpu 0.431839 1527 727.72 695.188
Inspiral_50_gpu 0.430678 1471 761.05 698.734
Inspiral_50_gpu 0.430653 1471 760.95 694.312
Inspiral_50_gpu 0.430653 1471 760.95 691.969
Inspiral_50_gpu 0.430463 1470 760.85 693.125
Inspiral_50_gpu 0.432234 1478 762.65 701.219
Inspiral_50_gpu 0.430463 1470 760.85 698.109
Inspiral_50_gpu 0.430629 1471 760.85 690.875
Inspiral_50_gpu 0.430463 1470 760.85 694.562
Inspiral_100_gpu 0.425456 3039 1071.22 1800.03
Inspiral_100_gpu 0.425573 3009 1086.62 1800
Inspiral_100_gpu 0.425366 3055 1062.84 1800.02
Inspiral_100_gpu 0.424814 2932 1119.78 1800.03
Inspiral_100_gpu 0.424384 3058 1055.46 1800
Inspiral_100_gpu 0.425451 2949 1115.28 1800
Inspiral_100_gpu 0.425348 3054 1063.22 1800
Inspiral_100_gpu 0.424566 2975 1097.22 1800
Inspiral_100_gpu 0.425006 3022 1076.84 1800.03
Inspiral_100_gpu 0.424756 3080 1046.92 1800.05
Sipht_30_gpu 0.465351 2626 323.9 214.234
Sipht_30_gpu 0.465436 2627 323.9 216.797
Sipht_30_gpu 0.465351 2626 323.9 217.219
Sipht_30_gpu 0.465436 2627 323.9 209.547
Sipht_30_gpu 0.465351 2626 323.9 216.656
Sipht_30_gpu 0.465351 2626 323.9 215.203
Sipht_30_gpu 0.465351 2626 323.9 214.859
Sipht_30_gpu 0.465436 2627 323.9 212.5
Sipht_30_gpu 0.465351 2626 323.9 214.938
Sipht_30_gpu 0.465351 2626 323.9 214.141
Sipht_60_gpu 0.333829 4133 869.9 1800.02
Sipht_60_gpu 0.334583 4126 880.1 1800.02
Sipht_60_gpu 0.334583 4126 880.1 1800
Sipht_60_gpu 0.334561 4126 879.9 1800
Sipht_60_gpu 0.334561 4126 879.9 1800
Sipht_60_gpu 0.334561 4127 879.4 1800
Sipht_60_gpu 0.334561 4126 879.9 1800
Sipht_60_gpu 0.334561 4126 879.9 1800.02
Sipht_60_gpu 0.334561 4126 879.9 1800
Sipht_60_gpu 0.334567 4139 873.4 1800
Sipht_100_gpu 0.412727 5160 1094.5 1800.09
Sipht_100_gpu 0.410126 5149 1084.4 1800.05
Sipht_100_gpu 0.414403 5194 1097 1800.14
Sipht_100_gpu 0.410676 5163 1084.8 1800.02
Sipht_100_gpu 0.403399 5152 1053.6 1800.12
Sipht_100_gpu 0.41071 5162 1085.1 1800.08
Sipht_100_gpu 0.404314 5085 1067.7 1800.12
Sipht_100_gpu 0.404131 5064 1070 1800.03
Sipht_100_gpu 0.403591 5053 1069.2 1800.08
Sipht_100_gpu 0.402926 5053 1066.2 1800.05
