3_toy_15_A 0.376984 23 22 0.0625
3_toy_15_A 0.376984 23 22 0.0625
3_toy_15_A 0.376984 23 22 0.0625
3_toy_15_A 0.376984 23 22 0.0625
3_toy_15_A 0.376984 23 22 0.0625
3_toy_15_A 0.376984 23 22 0.078125
3_toy_15_A 0.376984 23 22 0.0625
3_toy_15_A 0.376984 23 22 0.0625
3_toy_15_A 0.376984 23 22 0.0625
3_toy_15_A 0.376984 23 22 0.0625
3_toy_15_B 0.415242 23 22 0.0625
3_toy_15_B 0.415242 23 22 0.0625
3_toy_15_B 0.415242 23 22 0.0625
3_toy_15_B 0.415242 23 22 0.0625
3_toy_15_B 0.415242 23 22 0.0625
3_toy_15_B 0.415242 23 22 0.0625
3_toy_15_B 0.415242 23 22 0.0625
3_toy_15_B 0.415242 23 22 0.0625
3_toy_15_B 0.415242 23 22 0.0625
3_toy_15_B 0.415242 23 22 0.0625
3_toy_15_C 0.336329 27 26 0.0625
3_toy_15_C 0.336329 27 26 0.0625
3_toy_15_C 0.336329 27 26 0.0625
3_toy_15_C 0.336329 27 26 0.0625
3_toy_15_C 0.336329 27 26 0.0625
3_toy_15_C 0.336329 27 26 0.0625
3_toy_15_C 0.336329 27 26 0.0625
3_toy_15_C 0.336329 27 26 0.0625
3_toy_15_C 0.336329 27 26 0.0625
3_toy_15_C 0.336329 27 26 0.0625
5_toy_15_A 0.409091 20 28 0.09375
5_toy_15_A 0.409091 20 28 0.09375
5_toy_15_A 0.409091 20 28 0.09375
5_toy_15_A 0.409091 20 28 0.09375
5_toy_15_A 0.409091 20 28 0.09375
5_toy_15_A 0.409091 20 28 0.09375
5_toy_15_A 0.409091 20 28 0.09375
5_toy_15_A 0.409091 20 28 0.09375
5_toy_15_A 0.409091 20 28 0.09375
5_toy_15_A 0.409091 20 28 0.109375
5_toy_15_B 0.444664 21 20 0.109375
5_toy_15_B 0.444664 21 20 0.109375
5_toy_15_B 0.444664 21 20 0.109375
5_toy_15_B 0.444664 21 20 0.09375
5_toy_15_B 0.444664 21 20 0.09375
5_toy_15_B 0.444664 21 20 0.109375
5_toy_15_B 0.444664 21 20 0.109375
5_toy_15_B 0.444664 21 20 0.109375
5_toy_15_B 0.444664 21 20 0.109375
5_toy_15_B 0.444664 21 20 0.109375
5_toy_15_C 0.454696 26 25 0.09375
5_toy_15_C 0.454696 26 25 0.109375
5_toy_15_C 0.454696 26 25 0.109375
CTRL C ---------------------------------- PRESSIONADO!!!
5_toy_15_C 