3_toy_5_A 0.55 7 60 0.03125
3_toy_5_A 0.55 7 60 0.03125
3_toy_5_A 0.55 7 60 0.015625
3_toy_5_A 0.55 7 60 0.015625
3_toy_5_A 0.55 7 60 0.03125
3_toy_5_A 0.55 7 60 0.03125
3_toy_5_A 0.55 7 60 0.03125
3_toy_5_A 0.55 7 60 0.03125
3_toy_5_A 0.55 7 60 0.03125
3_toy_5_A 0.55 7 60 0.03125
3_toy_5_B 0.353571 10 54 0.015625
3_toy_5_B 0.353571 10 54 0.015625
3_toy_5_B 0.353571 10 54 0.015625
3_toy_5_B 0.353571 10 54 0.03125
3_toy_5_B 0.353571 10 54 0.03125
3_toy_5_B 0.353571 10 54 0.03125
3_toy_5_B 0.353571 10 54 0.03125
3_toy_5_B 0.353571 10 54 0.03125
3_toy_5_B 0.353571 10 54 0.015625
3_toy_5_B 0.353571 10 54 0.015625
3_toy_5_C 0.875 7 60 0.015625
3_toy_5_C 0.875 7 60 0.015625
3_toy_5_C 0.875 7 60 0.015625
3_toy_5_C 0.875 7 60 0.015625
3_toy_5_C 0.875 7 60 0.015625
3_toy_5_C 0.875 7 60 0.015625
3_toy_5_C 0.875 7 60 0.015625
3_toy_5_C 0.875 7 60 0.015625
3_toy_5_C 0.875 7 60 0.015625
3_toy_5_C 0.875 7 60 0.015625
5_toy_5_A 0.55 7 60 0.03125
5_toy_5_A 0.55 7 60 0.03125
5_toy_5_A 0.55 7 60 0.046875
5_toy_5_A 0.55 7 60 0.046875
5_toy_5_A 0.55 7 60 0.046875
5_toy_5_A 0.55 7 60 0.03125
5_toy_5_A 0.55 7 60 0.03125
5_toy_5_A 0.55 7 60 0.046875
5_toy_5_A 0.55 7 60 0.046875
5_toy_5_A 0.55 7 60 0.046875
5_toy_5_B 0.53125 10 54 0.03125
5_toy_5_B 0.53125 10 54 0.046875
5_toy_5_B 0.53125 10 54 0.046875
5_toy_5_B 0.53125 10 54 0.046875
5_toy_5_B 0.53125 10 54 0.03125
5_toy_5_B 0.53125 10 54 0.046875
5_toy_5_B 0.53125 10 54 0.046875
5_toy_5_B 0.53125 10 54 0.03125
5_toy_5_B 0.53125 10 54 0.03125
5_toy_5_B 0.53125 10 54 0.046875
5_toy_5_C 0.669643 11 60 0.03125
5_toy_5_C 0.669643 11 60 0.03125
5_toy_5_C 0.669643 11 60 0.015625
5_toy_5_C 0.669643 11 60 0.03125
5_toy_5_C 0.669643 11 60 0.03125
5_toy_5_C 0.669643 11 60 0.015625
5_toy_5_C 0.669643 11 60 0.03125
5_toy_5_C 0.669643 11 60 0.03125
5_toy_5_C 0.669643 11 60 0.015625
5_toy_5_C 0.669643 11 60 0.03125
3_toy_10_A 0.465192 26 65 0.0625
3_toy_10_A 0.465192 26 65 0.0625
3_toy_10_A 0.465192 26 65 0.0625
3_toy_10_A 0.465192 26 65 0.0625
3_toy_10_A 0.465192 26 65 0.0625
3_toy_10_A 0.465192 26 65 0.0625
3_toy_10_A 0.465192 26 65 0.0625
3_toy_10_A 0.465192 26 65 0.046875
3_toy_10_A 0.465192 26 65 0.0625
3_toy_10_A 0.465192 26 65 0.0625
3_toy_10_B 0.528725 10 98 0.0625
3_toy_10_B 0.528725 10 98 0.046875
3_toy_10_B 0.528725 10 98 0.046875
3_toy_10_B 0.528725 10 98 0.046875
3_toy_10_B 0.528725 10 98 0.046875
3_toy_10_B 0.528725 10 98 0.046875
3_toy_10_B 0.528725 10 98 0.0625
3_toy_10_B 0.528725 10 98 0.0625
3_toy_10_B 0.528725 10 98 0.046875
3_toy_10_B 0.528725 10 98 0.0625
3_toy_10_C 0.4421 20 190 0.0625
3_toy_10_C 0.4421 20 190 0.0625
3_toy_10_C 0.4421 20 190 0.0625
3_toy_10_C 0.4421 20 190 0.0625
3_toy_10_C 0.4421 20 190 0.0625
3_toy_10_C 0.4421 20 190 0.0625
3_toy_10_C 0.4421 20 190 0.0625
3_toy_10_C 0.4421 20 190 0.0625
3_toy_10_C 0.4421 20 190 0.0625
3_toy_10_C 0.4421 20 190 0.0625
5_toy_10_A 0.416909 40 96 0.09375
5_toy_10_A 0.416909 40 96 0.09375
5_toy_10_A 0.416909 40 96 0.109375
5_toy_10_A 0.416909 40 96 0.109375
5_toy_10_A 0.416909 40 96 0.09375
5_toy_10_A 0.416909 40 96 0.09375
5_toy_10_A 0.416909 40 96 0.09375
5_toy_10_A 0.416909 40 96 0.09375
5_toy_10_A 0.416909 40 96 0.09375
5_toy_10_A 0.416909 40 96 0.09375
5_toy_10_B 0.465606 11 143 0.09375
5_toy_10_B 0.465606 11 143 0.09375
5_toy_10_B 0.471667 12 133 0.109375
5_toy_10_B 0.471667 12 133 0.109375
5_toy_10_B 0.471667 12 133 0.09375
5_toy_10_B 0.465606 11 143 0.09375
5_toy_10_B 0.471667 12 133 0.109375
5_toy_10_B 0.471667 12 133 0.09375
5_toy_10_B 0.471667 12 133 0.09375
5_toy_10_B 0.471667 12 133 0.09375
5_toy_10_C 0.401863 28 183 0.09375
5_toy_10_C 0.401863 28 183 0.09375
5_toy_10_C 0.401863 28 183 0.09375
5_toy_10_C 0.401863 28 183 0.09375
5_toy_10_C 0.401863 28 183 0.09375
5_toy_10_C 0.401863 28 183 0.09375
5_toy_10_C 0.401863 28 183 0.09375
5_toy_10_C 0.401863 28 183 0.109375
5_toy_10_C 0.401863 28 183 0.109375
5_toy_10_C 0.401863 28 183 0.109375
3_toy_15_A 0.376984 23 22 0.109375
3_toy_15_A 0.376984 23 22 0.109375
3_toy_15_A 0.376984 23 22 0.109375
3_toy_15_A 0.376984 23 22 0.109375
3_toy_15_A 0.376984 23 22 0.109375
3_toy_15_A 0.376984 23 22 0.109375
3_toy_15_A 0.376984 23 22 0.109375
3_toy_15_A 0.376984 23 22 0.109375
3_toy_15_A 0.376984 23 22 0.109375
3_toy_15_A 0.376984 23 22 0.109375
3_toy_15_B 0.415242 23 22 0.109375
3_toy_15_B 0.415242 23 22 0.109375
3_toy_15_B 0.415242 23 22 0.09375
3_toy_15_B 0.415242 23 22 0.09375
3_toy_15_B 0.415242 23 22 0.109375
3_toy_15_B 0.415242 23 22 0.109375
3_toy_15_B 0.415242 23 22 0.109375
3_toy_15_B 0.415242 23 22 0.109375
3_toy_15_B 0.415242 23 22 0.09375
3_toy_15_B 0.415242 23 22 0.09375
3_toy_15_C 0.336329 27 26 0.09375
3_toy_15_C 0.336329 27 26 0.09375
3_toy_15_C 0.336329 27 26 0.109375
3_toy_15_C 0.336329 27 26 0.109375
3_toy_15_C 0.336329 27 26 0.109375
3_toy_15_C 0.336329 27 26 0.109375
3_toy_15_C 0.336329 27 26 0.109375
3_toy_15_C 0.336329 27 26 0.109375
3_toy_15_C 0.336329 27 26 0.109375
3_toy_15_C 0.336329 27 26 0.109375
5_toy_15_A 0.409091 20 28 0.203125
5_toy_15_A 0.409091 20 28 0.1875
5_toy_15_A 0.409091 20 28 0.1875
5_toy_15_A 0.409091 20 28 0.171875
5_toy_15_A 0.409091 20 28 0.171875
5_toy_15_A 0.409091 20 28 0.171875
5_toy_15_A 0.409091 20 28 0.171875
5_toy_15_A 0.409091 20 28 0.15625
5_toy_15_A 0.409091 20 28 0.171875
5_toy_15_A 0.409091 20 28 0.171875
5_toy_15_B 0.444664 21 20 0.1875
5_toy_15_B 0.444664 21 20 0.1875
5_toy_15_B 0.444664 21 20 0.1875
5_toy_15_B 0.444664 21 20 0.1875
5_toy_15_B 0.444664 21 20 0.1875
5_toy_15_B 0.444664 21 20 0.171875
5_toy_15_B 0.444664 21 20 0.171875
5_toy_15_B 0.444664 21 20 0.1875
5_toy_15_B 0.444664 21 20 0.1875
5_toy_15_B 0.444664 21 20 0.1875
5_toy_15_C 0.454696 26 25 0.171875
5_toy_15_C 0.454696 26 25 0.171875
5_toy_15_C 0.454696 26 25 0.1875
5_toy_15_C 0.454696 26 25 0.1875
5_toy_15_C 0.454696 26 25 0.1875
5_toy_15_C 0.454696 26 25 0.1875
5_toy_15_C 0.454696 26 25 0.1875
5_toy_15_C 0.454696 26 25 0.1875
5_toy_15_C 0.454696 26 25 0.1875
5_toy_15_C 0.454696 26 25 0.1875
