3_toy_15_A 0.448773 26 27 0.007958
3_toy_15_A 0.448773 26 27 0.006393
3_toy_15_A 0.448773 26 27 0.005991
3_toy_15_A 0.448773 26 27 0.005503
3_toy_15_A 0.448773 26 27 0.004989
3_toy_15_A 0.448773 26 27 0.004807
3_toy_15_A 0.448773 26 27 0.004035
3_toy_15_A 0.448773 26 27 0.003611
3_toy_15_A 0.448773 26 27 0.003552
3_toy_15_A 0.448773 26 27 0.003666
3_toy_15_B 0.5 26 27 0.004349
3_toy_15_B 0.5 26 27 0.004369
3_toy_15_B 0.5 26 27 0.003875
3_toy_15_B 0.5 26 27 0.004322
3_toy_15_B 0.5 26 27 0.004735
3_toy_15_B 0.5 26 27 0.007092
3_toy_15_B 0.5 26 27 0.007269
3_toy_15_B 0.5 26 27 0.003912
3_toy_15_B 0.5 26 27 0.003983
3_toy_15_B 0.5 26 27 0.003779
3_toy_15_C 0.391748 30 31 0.003937
3_toy_15_C 0.391748 30 31 0.004825
3_toy_15_C 0.391748 30 31 0.003607
3_toy_15_C 0.391748 30 31 0.003504
3_toy_15_C 0.391748 30 31 0.003877
3_toy_15_C 0.391748 30 31 0.003694
3_toy_15_C 0.391748 30 31 0.004
3_toy_15_C 0.391748 30 31 0.003572
3_toy_15_C 0.391748 30 31 0.003654
3_toy_15_C 0.391748 30 31 0.00381
5_toy_15_A 0.420156 22 23 0.007624
5_toy_15_A 0.420156 22 23 0.00653
5_toy_15_A 0.420156 22 23 0.006543
5_toy_15_A 0.420156 22 23 0.007084
5_toy_15_A 0.420156 22 23 0.007068
5_toy_15_A 0.420156 22 23 0.006294
5_toy_15_A 0.420156 22 23 0.006625
5_toy_15_A 0.420156 22 23 0.006305
5_toy_15_A 0.420156 22 23 0.006343
5_toy_15_A 0.420156 22 23 0.006232
5_toy_15_B 0.588933 26 27 0.007954
5_toy_15_B 0.611166 27 28 0.007914
5_toy_15_B 0.5667 25 26 0.00954
5_toy_15_B 0.5667 25 26 0.007544
5_toy_15_B 0.522233 23 24 0.007599
5_toy_15_B 0.563735 19 32 0.00759
5_toy_15_B 0.544466 24 25 0.008602
5_toy_15_B 0.522233 23 24 0.007792
5_toy_15_B 0.544466 24 25 0.007887
5_toy_15_B 0.5667 25 26 0.00765
5_toy_15_C 0.627315 34 35 0.006367
5_toy_15_C 0.590939 32 33 0.007225
5_toy_15_C 0.700066 38 39 0.006777
5_toy_15_C 0.554563 30 31 0.006812
5_toy_15_C 0.5 27 28 0.006798
5_toy_15_C 0.590939 32 33 0.006402
5_toy_15_C 0.734127 33 48 0.00644
5_toy_15_C 0.590939 32 33 0.009807
5_toy_15_C 0.681878 37 38 0.006809
5_toy_15_C 0.736442 40 41 0.006496
3_toy_10_A 0.466097 27 58 0.003099
3_toy_10_A 0.466097 27 58 0.003404
3_toy_10_A 0.466097 27 58 0.004209
3_toy_10_A 0.466097 27 58 0.003055
3_toy_10_A 0.466097 27 58 0.003049
3_toy_10_A 0.466097 27 58 0.003305
3_toy_10_A 0.466097 27 58 0.00305
3_toy_10_A 0.466097 27 58 0.003099
3_toy_10_A 0.466097 27 58 0.00307
3_toy_10_A 0.466097 27 58 0.003034
3_toy_10_B 0.5 8 99 0.002727
3_toy_10_B 0.5 8 99 0.003497
3_toy_10_B 0.5 8 99 0.002799
3_toy_10_B 0.5 8 99 0.002768
3_toy_10_B 0.5 8 99 0.002744
3_toy_10_B 0.5 8 99 0.00279
3_toy_10_B 0.5 8 99 0.002773
3_toy_10_B 0.5 8 99 0.002821
3_toy_10_B 0.5 8 99 0.005305
3_toy_10_B 0.5 8 99 0.004348
3_toy_10_C 0.5 21 220 0.002739
3_toy_10_C 0.5 21 220 0.002798
3_toy_10_C 0.5 21 220 0.002805
3_toy_10_C 0.5 21 220 0.002676
3_toy_10_C 0.5 21 220 0.003728
3_toy_10_C 0.5 21 220 0.003138
3_toy_10_C 0.5 21 220 0.002791
3_toy_10_C 0.5 21 220 0.002711
3_toy_10_C 0.5 21 220 0.002862
3_toy_10_C 0.5 21 220 0.002732
5_toy_10_A 0.484074 39 132 0.006562
5_toy_10_A 0.452721 36 125 0.005977
5_toy_10_A 0.475382 44 111 0.005591
5_toy_10_A 0.475382 44 111 0.005581
5_toy_10_A 0.443529 40 107 0.005721
5_toy_10_A 0.488942 45 115 0.005554
5_toy_10_A 0.460457 44 103 0.005523
5_toy_10_A 0.47611 38 131 0.0068
5_toy_10_A 0.467419 43 110 0.005735
5_toy_10_A 0.461185 38 123 0.005518
5_toy_10_B 0.468788 13 104 0.005153
5_toy_10_B 0.468788 13 104 0.005943
5_toy_10_B 0.490455 13 117 0.005574
5_toy_10_B 0.468788 13 104 0.0058
5_toy_10_B 0.468788 13 104 0.005143
5_toy_10_B 0.468788 13 104 0.00517
5_toy_10_B 0.468788 13 104 0.005199
5_toy_10_B 0.490455 13 117 0.005222
5_toy_10_B 0.468788 13 104 0.005338
5_toy_10_B 0.490455 13 117 0.005631
5_toy_10_C 0.492745 38 192 0.00507
5_toy_10_C 0.464608 31 213 0.006027
5_toy_10_C 0.464608 31 213 0.008507
5_toy_10_C 0.5 34 225 0.005461
5_toy_10_C 0.454608 31 204 0.004996
5_toy_10_C 0.463235 29 225 0.005106
5_toy_10_C 0.454608 31 204 0.004988
5_toy_10_C 0.493497 31 239 0.005101
5_toy_10_C 0.463235 29 225 0.005046
5_toy_10_C 0.45598 33 192 0.005112
3_toy_5_A 0.5 5 60 0.002094
3_toy_5_A 0.5 5 60 0.002018
3_toy_5_A 0.5 5 60 0.002442
3_toy_5_A 0.5 5 60 0.002048
3_toy_5_A 0.5 5 60 0.002098
3_toy_5_A 0.5 5 60 0.002026
3_toy_5_A 0.5 5 60 0.002507
3_toy_5_A 0.5 5 60 0.002029
3_toy_5_A 0.5 5 60 0.002021
3_toy_5_A 0.5 5 60 0.002051
3_toy_5_C 0.5 3 40 0.00217
3_toy_5_C 0.5 3 40 0.001843
3_toy_5_C 0.5 3 40 0.002324
3_toy_5_C 0.5 3 40 0.002123
3_toy_5_C 0.5 3 40 0.002259
3_toy_5_C 0.5 3 40 0.0027
3_toy_5_C 0.5 3 40 0.001812
3_toy_5_C 0.5 3 40 0.001961
3_toy_5_C 0.5 3 40 0.001961
3_toy_5_C 0.5 3 40 0.003452
5_toy_5_A 0.5 5 60 0.003507
5_toy_5_A 0.5 5 60 0.00444
5_toy_5_A 0.5 5 60 0.004253
5_toy_5_A 0.5 5 60 0.003483
5_toy_5_A 0.5 5 60 0.003508
5_toy_5_A 0.5 5 60 0.003489
5_toy_5_A 0.5 5 60 0.003462
5_toy_5_A 0.5 5 60 0.003438
5_toy_5_A 0.5 5 60 0.003575
5_toy_5_A 0.5 5 60 0.003513
5_toy_5_B 0.5 8 54 0.00339
5_toy_5_B 0.5 8 54 0.003376
5_toy_5_B 0.5 8 54 0.003665
5_toy_5_B 0.5 8 54 0.003277
5_toy_5_B 0.5 8 54 0.003326
5_toy_5_B 0.5 8 54 0.006205
5_toy_5_B 0.5 8 54 0.003491
5_toy_5_B 0.5 8 54 0.004093
5_toy_5_B 0.5 8 54 0.003274
5_toy_5_B 0.5 8 54 0.003288
5_toy_5_C 0.5 7 48 0.002887
5_toy_5_C 0.5 7 48 0.002896
5_toy_5_C 0.5 7 48 0.003774
5_toy_5_C 0.5 7 48 0.002912
5_toy_5_C 0.5 7 48 0.003019
5_toy_5_C 0.5 7 48 0.003375
5_toy_5_C 0.5 7 48 0.00291
5_toy_5_C 0.5 7 48 0.003433
5_toy_5_C 0.5 7 48 0.00292
5_toy_5_C 0.5 7 48 0.002924
gpu 0.5 16 17 0.00324
gpu 0.5 16 17 0.002979
gpu 0.5 16 17 0.002888
gpu 0.5 16 17 0.00274
gpu 0.5 16 17 0.002793
gpu 0.5 16 17 0.002787
gpu 0.5 16 17 0.003065
gpu 0.5 16 17 0.00358
gpu 0.5 16 17 0.005412
gpu 0.5 16 17 0.003216
CyberShake_30_gpu 0.519397 1388 154.14 0.049275
CyberShake_30_gpu 0.520603 1390 154.62 0.048197
CyberShake_30_gpu 0.50961 1399 147.52 0.048852
CyberShake_30_gpu 0.528333 1379 160.08 0.04744
CyberShake_30_gpu 0.524574 1385 157.36 0.051342
CyberShake_30_gpu 0.521809 1389 155.4 0.047836
CyberShake_30_gpu 0.529043 1381 160.28 0.047627
CyberShake_30_gpu 0.519255 1390 153.86 0.0481
CyberShake_30_gpu 0.520957 1389 154.92 0.04743
CyberShake_30_gpu 0.520603 1388 154.82 0.050707
CyberShake_50_gpu 0.264129 678 417.56 0.134439
CyberShake_50_gpu 0.269268 683 431.86 0.134458
CyberShake_50_gpu 0.257015 631 427.98 0.137121
CyberShake_50_gpu 0.254915 638 415.32 0.132812
CyberShake_50_gpu 0.256253 647 413.24 0.13139
CyberShake_50_gpu 0.265101 678 420.98 0.134682
CyberShake_50_gpu 0.260412 640 433.14 0.135543
CyberShake_50_gpu 0.266026 686 418.2 0.134747
CyberShake_50_gpu 0.260492 630 440.96 0.131159
CyberShake_50_gpu 0.255511 642 414.4 0.132053
CyberShake_100_gpu 0.237305 1274 1059.33 0.704476
CyberShake_100_gpu 0.224697 1234 970.85 0.755895
CyberShake_100_gpu 0.234942 1320 980.54 0.743077
CyberShake_100_gpu 0.228917 1259 986.97 0.737472
CyberShake_100_gpu 0.237875 1267 1073.57 0.697331
CyberShake_100_gpu 0.235514 1329 976.21 0.728997
CyberShake_100_gpu 0.232674 1290 991.15 0.725355
CyberShake_100_gpu 0.224234 1233 967.06 0.663689
CyberShake_100_gpu 0.236177 1320 993.77 0.715999
CyberShake_100_gpu 0.239365 1291 1061.62 0.714964
Epigenomics_24_gpu 0.428214 3049 4026.92 0.036054
Epigenomics_24_gpu 0.432265 3192 3898.72 0.036184
Epigenomics_24_gpu 0.431352 3166 3918.55 0.035962
Epigenomics_24_gpu 0.433281 2894 4352.9 0.03576
Epigenomics_24_gpu 0.434932 3148 4015.56 0.03551
Epigenomics_24_gpu 0.427974 3057 4010.52 0.035891
Epigenomics_24_gpu 0.443834 2883 4577.62 0.035288
Epigenomics_24_gpu 0.441616 3224 4037.04 0.03567
Epigenomics_24_gpu 0.433889 3179 3949.78 0.035582
Epigenomics_24_gpu 0.430524 3071 4040.56 0.036215
Epigenomics_46_gpu 0.449968 11677 1183.58 0.125448
Epigenomics_46_gpu 0.448671 11609 1185.62 0.120741
Epigenomics_46_gpu 0.446098 11534 1180.16 0.121829
Epigenomics_46_gpu 0.448861 11559 1194.85 0.124398
Epigenomics_46_gpu 0.447379 11520 1191.04 0.121685
Epigenomics_46_gpu 0.447795 11569 1186.06 0.123406
Epigenomics_46_gpu 0.450516 11607 1198.4 0.121963
Epigenomics_46_gpu 0.450291 11659 1188.62 0.121405
Epigenomics_46_gpu 0.448174 11642 1177.02 0.121215
Epigenomics_46_gpu 0.450255 11542 1206.97 0.123593
Epigenomics_100_gpu 0.493734 48540 105157 1.03418
Epigenomics_100_gpu 0.49485 50425 102120 1.0686
Epigenomics_100_gpu 0.495374 49993 103123 1.01072
Epigenomics_100_gpu 0.493903 49355 103720 1.00171
Epigenomics_100_gpu 0.494928 49374 104089 1.11314
Epigenomics_100_gpu 0.495172 48269 106224 1.09043
Epigenomics_100_gpu 0.497323 49468 104860 1.01243
Epigenomics_100_gpu 0.496908 46482 110206 1.01075
Epigenomics_100_gpu 0.491639 47636 105999 0.999057
Epigenomics_100_gpu 0.495479 48009 106825 1.09272
Montage_25_gpu 0.43793 153 193.34 0.044624
Montage_25_gpu 0.438356 145 204.41 0.045188
Montage_25_gpu 0.439927 133 221.86 0.046261
Montage_25_gpu 0.429396 123 225.65 0.046337
Montage_25_gpu 0.446649 145 211.94 0.046066
Montage_25_gpu 0.429396 123 225.65 0.045218
Montage_25_gpu 0.430885 131 216.32 0.037956
Montage_25_gpu 0.437827 141 209.27 0.038853
Montage_25_gpu 0.440032 149 200.59 0.039237
Montage_25_gpu 0.439932 130 225.87 0.038556
Montage_50_gpu 0.410875 327 58.1 0.190931
Montage_50_gpu 0.427632 378 54.1 0.189323
Montage_50_gpu 0.424824 361 56.2 0.188122
Montage_50_gpu 0.414296 345 56 0.193848
Montage_50_gpu 0.421425 359 55.6 0.186831
Montage_50_gpu 0.423679 368 54.7 0.196425
Montage_50_gpu 0.420151 338 58.8 0.214211
Montage_50_gpu 0.429891 374 55.4 0.214983
Montage_50_gpu 0.414051 331 58.3 0.21909
Montage_50_gpu 0.416496 348 56.1 0.22403
Montage_100_gpu 0.527745 537 946.15 1.17688
Montage_100_gpu 0.52386 557 897.02 1.26321
Montage_100_gpu 0.523026 461 1063.02 1.2174
Montage_100_gpu 0.516088 505 960.7 1.28056
Montage_100_gpu 0.527541 565 896.13 1.28387
Montage_100_gpu 0.521348 515 961.95 1.19202
Montage_100_gpu 0.519081 497 985.51 1.26885
Montage_100_gpu 0.521309 515 961.81 1.20066
Montage_100_gpu 0.521489 503 983.58 1.17171
Montage_100_gpu 0.521516 548 904.46 1.19482
Inspiral_30_gpu 0.440963 1615 173.2 0.05951
Inspiral_30_gpu 0.443387 1611 178.2 0.0588
Inspiral_30_gpu 0.43828 1633 163.4 0.056794
Inspiral_30_gpu 0.440704 1629 168.4 0.058839
Inspiral_30_gpu 0.43828 1633 163.4 0.056571
Inspiral_30_gpu 0.443475 1610 178.65 0.060712
Inspiral_30_gpu 0.441193 1623 171.04 0.057736
Inspiral_30_gpu 0.443387 1611 178.2 0.059002
Inspiral_30_gpu 0.442419 1610 177.02 0.057662
Inspiral_30_gpu 0.43828 1633 163.4 0.057308
Inspiral_50_gpu 0.47413 1775 731.29 0.18705
Inspiral_50_gpu 0.474359 1861 673.75 0.179131
Inspiral_50_gpu 0.474332 1856 677.04 0.178436
Inspiral_50_gpu 0.479037 1711 794.87 0.182308
Inspiral_50_gpu 0.46588 1641 788.68 0.178614
Inspiral_50_gpu 0.482166 1779 761.42 0.184405
Inspiral_50_gpu 0.474183 1903 644.47 0.17916
Inspiral_50_gpu 0.480881 1861 700.41 0.178177
Inspiral_50_gpu 0.477416 1941 631.85 0.181076
Inspiral_50_gpu 0.469606 1593 836.55 0.179377
Inspiral_100_gpu 0.462076 3604 1014.24 0.685127
Inspiral_100_gpu 0.461779 3658 986 0.676307
Inspiral_100_gpu 0.463078 3601 1021.74 0.735205
Inspiral_100_gpu 0.463108 3803 922.96 0.754127
Inspiral_100_gpu 0.460511 3451 1079.78 0.691681
Inspiral_100_gpu 0.463141 3930 860.94 0.749278
Inspiral_100_gpu 0.464996 3746 962.24 0.716322
Inspiral_100_gpu 0.462228 3616 1009.28 0.682959
Inspiral_100_gpu 0.462938 3320 1158.56 0.686067
Inspiral_100_gpu 0.462811 3853 896.68 0.68331
Sipht_30_gpu 0.474051 2715 325.8 0.480623
Sipht_30_gpu 0.474293 2724 325.1 0.468851
Sipht_30_gpu 0.474727 2730 325 0.476255
Sipht_30_gpu 0.473705 2703 326.7 0.471901
Sipht_30_gpu 0.474724 2715 326.7 0.471278
Sipht_30_gpu 0.474476 2720 325.8 0.475258
Sipht_30_gpu 0.474806 2723 325.9 0.467862
Sipht_30_gpu 0.474218 2724 325 0.46766
Sipht_30_gpu 0.47379 2704 326.7 0.470348
Sipht_30_gpu 0.473522 2707 326 0.470365
Sipht_60_gpu 0.3798 5141 767.94 1.94948
Sipht_60_gpu 0.380148 5141 771.02 2.02187
Sipht_60_gpu 0.378477 5151 751.2 1.81571
Sipht_60_gpu 0.379043 5117 773.34 2.10396
Sipht_60_gpu 0.377516 5128 754.3 1.86627
Sipht_60_gpu 0.38083 5170 762.44 1.92157
Sipht_60_gpu 0.380373 5168 759.4 2.07
Sipht_60_gpu 0.380142 5149 766.94 2.01732
Sipht_60_gpu 0.380206 5174 754.9 2.25853
Sipht_60_gpu 0.381099 5199 750.2 1.83977
Sipht_100_gpu 0.46675 5873 1232 5.10794
Sipht_100_gpu 0.431958 5857 1077.4 5.18475
Sipht_100_gpu 0.462142 5867 1212.1 5.20935
Sipht_100_gpu 0.442216 6039 1096.6 5.62054
Sipht_100_gpu 0.433152 5867 1081.3 5.8356
Sipht_100_gpu 0.438724 5917 1099 5.20287
Sipht_100_gpu 0.434871 5862 1089.8 5.28136
Sipht_100_gpu 0.471207 7170 1059.1 5.05146
Sipht_100_gpu 0.469747 7330 1028.7 5.01172
Sipht_100_gpu 0.434713 5960 1074.5 5.00349
